   0.000E+00   1.000E+02   1.500E+01
   2.000E-01   2.884E+01   6.227E+01
   4.000E-01   1.642E+01   4.764E+01
   6.000E-01   4.657E+00   3.953E+01
   8.000E-01   1.570E+00   2.865E+01
   1.000E+00   7.636E-01   1.983E+01
   1.200E+00   5.014E-01   1.354E+01
   1.400E+00   4.066E-01   9.200E+00
   1.600E+00   3.809E-01   6.240E+00
   1.800E+00   3.938E-01   4.232E+00
   2.000E+00   4.351E-01   2.872E+00
   2.200E+00   5.028E-01   1.953E+00
   2.400E+00   5.991E-01   1.331E+00
   2.600E+00   7.286E-01   9.100E-01
   2.800E+00   8.985E-01   6.250E-01
   3.000E+00   1.119E+00   4.318E-01
   3.200E+00   1.402E+00   3.006E-01
   3.400E+00   1.764E+00   2.112E-01
   3.600E+00   2.226E+00   1.503E-01
   3.800E+00   2.816E+00   1.086E-01
   4.000E+00   3.566E+00   8.010E-02
   4.200E+00   4.521E+00   6.058E-02
   4.400E+00   5.735E+00   4.733E-02
   4.600E+00   7.278E+00   3.853E-02
   4.800E+00   9.239E+00   3.305E-02
   5.000E+00   1.173E+01   3.030E-02
   5.200E+00   1.489E+01   3.022E-02
   5.400E+00   1.891E+01   3.356E-02
   5.600E+00   2.400E+01   4.269E-02
   5.800E+00   3.045E+01   6.452E-02
   6.000E+00   3.857E+01   1.212E-01
   6.200E+00   4.866E+01   2.983E-01
   6.400E+00   6.048E+01   1.016E+00
   6.600E+00   7.000E+01   4.812E+00
   6.800E+00   5.544E+01   2.283E+01
   7.000E+00   1.681E+01   4.395E+01
   7.200E+00   4.758E+00   3.749E+01
   7.400E+00   1.696E+00   2.730E+01
   7.600E+00   8.617E-01   1.896E+01
   7.800E+00   5.819E-01   1.298E+01
   8.000E+00   4.805E-01   8.841E+00
   8.200E+00   4.555E-01   6.010E+00
   8.400E+00   4.743E-01   4.085E+00
   8.600E+00   5.265E-01   2.780E+00
   8.800E+00   6.103E-01   1.895E+00
   9.000E+00   7.285E-01   1.296E+00
   9.200E+00   8.869E-01   8.902E-01
   9.400E+00   1.094E+00   6.147E-01
   9.600E+00   1.363E+00   4.275E-01
   9.800E+00   1.708E+00   3.000E-01
   1.000E+01   2.149E+00   2.130E-01
   1.020E+01   2.712E+00   1.536E-01
   1.040E+01   3.430E+00   1.128E-01
   1.060E+01   4.343E+00   8.493E-02
   1.080E+01   5.505E+00   6.595E-02
   1.100E+01   6.981E+00   5.327E-02
   1.120E+01   8.858E+00   4.523E-02
   1.140E+01   1.124E+01   4.093E-02
   1.160E+01   1.427E+01   4.015E-02
   1.180E+01   1.811E+01   4.364E-02
   1.200E+01   2.297E+01   5.403E-02
   1.220E+01   2.913E+01   7.884E-02
   1.240E+01   3.688E+01   1.416E-01
   1.260E+01   4.648E+01   3.292E-01
   1.280E+01   5.769E+01   1.043E+00
   1.300E+01   6.692E+01   4.529E+00
   1.320E+01   5.544E+01   2.036E+01
   1.340E+01   1.914E+01   4.123E+01
   1.360E+01   5.461E+00   3.694E+01
   1.380E+01   1.965E+00   2.725E+01
   1.400E+01   9.973E-01   1.904E+01
   1.420E+01   6.712E-01   1.307E+01
   1.440E+01   5.522E-01   8.925E+00
   1.460E+01   5.218E-01   6.079E+00
   1.480E+01   5.421E-01   4.140E+00
   1.500E+01   6.006E-01   2.823E+00
   1.520E+01   6.951E-01   1.930E+00
   1.540E+01   8.286E-01   1.323E+00
   1.560E+01   1.008E+00   9.118E-01
   1.580E+01   1.243E+00   6.322E-01
   1.600E+01   1.547E+00   4.418E-01
   1.620E+01   1.937E+00   3.120E-01
   1.640E+01   2.436E+00   2.232E-01
   1.660E+01   3.074E+00   1.625E-01
   1.680E+01   3.886E+00   1.208E-01
   1.700E+01   4.919E+00   9.238E-02
   1.720E+01   6.232E+00   7.314E-02
   1.740E+01   7.902E+00   6.055E-02
   1.760E+01   1.002E+01   5.304E-02
   1.780E+01   1.271E+01   4.993E-02
   1.800E+01   1.613E+01   5.148E-02
   1.820E+01   2.046E+01   5.960E-02
   1.840E+01   2.594E+01   7.988E-02
   1.860E+01   3.284E+01   1.288E-01
   1.880E+01   4.145E+01   2.617E-01
   1.900E+01   5.179E+01   7.051E-01
   1.920E+01   6.225E+01   2.600E+00
   1.940E+01   6.232E+01   1.170E+01
   1.960E+01   3.237E+01   3.383E+01
   1.980E+01   9.103E+00   3.916E+01
   2.000E+01   2.979E+00   3.051E+01
   2.020E+01   1.344E+00   2.170E+01
   2.040E+01   8.256E-01   1.500E+01
   2.060E+01   6.364E-01   1.028E+01
   2.080E+01   5.748E-01   7.014E+00
   2.100E+01   5.788E-01   4.783E+00
   2.120E+01   6.276E-01   3.265E+00
   2.140E+01   7.157E-01   2.233E+00
   2.160E+01   8.446E-01   1.532E+00
   2.180E+01   1.020E+00   1.056E+00
   2.200E+01   1.252E+00   7.325E-01
   2.220E+01   1.553E+00   5.120E-01
   2.240E+01   1.940E+00   3.616E-01
   2.260E+01   2.436E+00   2.588E-01
   2.280E+01   3.070E+00   1.883E-01
   2.300E+01   3.877E+00   1.400E-01
   2.320E+01   4.905E+00   1.070E-01
   2.340E+01   6.211E+00   8.469E-02
   2.360E+01   7.872E+00   7.006E-02
   2.380E+01   9.981E+00   6.130E-02
   2.400E+01   1.266E+01   5.762E-02
   2.420E+01   1.605E+01   5.930E-02
   2.440E+01   2.036E+01   6.846E-02
   2.460E+01   2.580E+01   9.142E-02
   2.480E+01   3.265E+01   1.467E-01
   2.500E+01   4.116E+01   2.959E-01
   2.520E+01   5.131E+01   7.885E-01
   2.540E+01   6.131E+01   2.852E+00
   2.560E+01   6.031E+01   1.232E+01
   2.580E+01   3.084E+01   3.360E+01
   2.600E+01   8.931E+00   3.810E+01
   2.620E+01   3.009E+00   2.969E+01
   2.640E+01   1.394E+00   2.115E+01
   2.660E+01   8.718E-01   1.464E+01
   2.680E+01   6.799E-01   1.004E+01
   2.700E+01   6.188E-01   6.864E+00
   2.720E+01   6.260E-01   4.688E+00
   2.740E+01   6.809E-01   3.204E+00
   2.760E+01   7.780E-01   2.195E+00
   2.780E+01   9.192E-01   1.510E+00
   2.800E+01   1.111E+00   1.043E+00
   2.820E+01   1.364E+00   7.256E-01
   2.840E+01   1.692E+00   5.091E-01
   2.860E+01   2.114E+00   3.613E-01
   2.880E+01   2.655E+00   2.600E-01
   2.900E+01   3.345E+00   1.907E-01
   2.920E+01   4.224E+00   1.431E-01
   2.940E+01   5.343E+00   1.106E-01
   2.960E+01   6.766E+00   8.887E-02
   2.980E+01   8.573E+00   7.490E-02
   3.000E+01   1.087E+01   6.711E-02
   3.020E+01   1.378E+01   6.500E-02
   3.040E+01   1.747E+01   6.948E-02
   3.060E+01   2.214E+01   8.414E-02
   3.080E+01   2.804E+01   1.193E-01
   3.100E+01   3.542E+01   2.063E-01
   3.120E+01   4.448E+01   4.559E-01
   3.140E+01   5.477E+01   1.346E+00
   3.160E+01   6.228E+01   5.256E+00
   3.180E+01   5.025E+01   2.027E+01
   3.200E+01   1.877E+01   3.783E+01
   3.220E+01   5.726E+00   3.447E+01
   3.240E+01   2.214E+00   2.566E+01
   3.260E+01   1.182E+00   1.804E+01
   3.280E+01   8.212E-01   1.245E+01
   3.300E+01   6.892E-01   8.536E+00
   3.320E+01   6.594E-01   5.838E+00
   3.340E+01   6.903E-01   3.993E+00
   3.360E+01   7.682E-01   2.736E+00
   3.380E+01   8.915E-01   1.880E+00
   3.400E+01   1.064E+00   1.298E+00
   3.420E+01   1.295E+00   9.012E-01
   3.440E+01   1.598E+00   6.308E-01
   3.460E+01   1.988E+00   4.461E-01
   3.480E+01   2.490E+00   3.197E-01
   3.500E+01   3.130E+00   2.331E-01
   3.520E+01   3.947E+00   1.737E-01
   3.540E+01   4.988E+00   1.330E-01
   3.560E+01   6.311E+00   1.056E-01
   3.580E+01   7.992E+00   8.760E-02
   3.600E+01   1.013E+01   7.696E-02
   3.620E+01   1.283E+01   7.268E-02
   3.640E+01   1.627E+01   7.524E-02
   3.660E+01   2.061E+01   8.748E-02
   3.680E+01   2.610E+01   1.178E-01
   3.700E+01   3.298E+01   1.908E-01
   3.720E+01   4.148E+01   3.889E-01
   3.740E+01   5.139E+01   1.044E+00
   3.760E+01   6.019E+01   3.734E+00
   3.780E+01   5.540E+01   1.487E+01
   3.800E+01   2.583E+01   3.436E+01
   3.820E+01   7.863E+00   3.581E+01
   3.840E+01   2.856E+00   2.759E+01
   3.860E+01   1.421E+00   1.963E+01
   3.880E+01   9.342E-01   1.362E+01
   3.900E+01   7.537E-01   9.358E+00
   3.920E+01   7.015E-01   6.410E+00
   3.940E+01   7.204E-01   4.389E+00
   3.960E+01   7.912E-01   3.010E+00
   3.980E+01   9.098E-01   2.069E+00
   4.000E+01   1.079E+00   1.429E+00
   4.020E+01   1.308E+00   9.928E-01
   4.040E+01   1.608E+00   6.952E-01
   4.060E+01   1.997E+00   4.918E-01
   4.080E+01   2.496E+00   3.525E-01
   4.100E+01   3.135E+00   2.571E-01
   4.120E+01   3.951E+00   1.915E-01
   4.140E+01   4.989E+00   1.467E-01
   4.160E+01   6.309E+00   1.164E-01
   4.180E+01   7.986E+00   9.661E-02
   4.200E+01   1.012E+01   8.486E-02
   4.220E+01   1.282E+01   8.011E-02
   4.240E+01   1.624E+01   8.287E-02
   4.260E+01   2.057E+01   9.626E-02
   4.280E+01   2.604E+01   1.294E-01
   4.300E+01   3.289E+01   2.092E-01
   4.320E+01   4.131E+01   4.247E-01
   4.340E+01   5.107E+01   1.132E+00
   4.360E+01   5.945E+01   3.991E+00
   4.380E+01   5.383E+01   1.537E+01
   4.400E+01   2.488E+01   3.407E+01
   4.420E+01   7.736E+00   3.507E+01
   4.440E+01   2.876E+00   2.702E+01
   4.460E+01   1.458E+00   1.924E+01
   4.480E+01   9.710E-01   1.336E+01
   4.500E+01   7.900E-01   9.192E+00
   4.520E+01   7.392E-01   6.304E+00
   4.540E+01   7.617E-01   4.322E+00
   4.560E+01   8.384E-01   2.967E+00
   4.580E+01   9.654E-01   2.043E+00
   4.600E+01   1.146E+00   1.414E+00
   4.620E+01   1.390E+00   9.842E-01
   4.640E+01   1.709E+00   6.910E-01
   4.660E+01   2.122E+00   4.905E-01
   4.680E+01   2.653E+00   3.531E-01
   4.700E+01   3.332E+00   2.588E-01
   4.720E+01   4.198E+00   1.942E-01
   4.740E+01   5.301E+00   1.500E-01
   4.760E+01   6.703E+00   1.203E-01
   4.780E+01   8.483E+00   1.011E-01
   4.800E+01   1.074E+01   9.034E-02
   4.820E+01   1.361E+01   8.711E-02
   4.840E+01   1.724E+01   9.255E-02
   4.860E+01   2.183E+01   1.112E-01
   4.880E+01   2.760E+01   1.559E-01
   4.900E+01   3.481E+01   2.655E-01
   4.920E+01   4.356E+01   5.737E-01
   4.940E+01   5.324E+01   1.636E+00
   4.960E+01   5.937E+01   6.007E+00
   4.980E+01   4.626E+01   2.081E+01
   5.000E+01   1.780E+01   3.595E+01
   5.020E+01   5.758E+00   3.263E+01
   5.040E+01   2.358E+00   2.439E+01
   5.060E+01   1.311E+00   1.723E+01
   5.080E+01   9.354E-01   1.193E+01
   5.100E+01   7.983E-01   8.207E+00
   5.120E+01   7.720E-01   5.631E+00
   5.140E+01   8.134E-01   3.865E+00
   5.160E+01   9.089E-01   2.659E+00
   5.180E+01   1.057E+00   1.835E+00
   5.200E+01   1.264E+00   1.274E+00
   5.220E+01   1.539E+00   8.905E-01
   5.240E+01   1.899E+00   6.284E-01
   5.260E+01   2.363E+00   4.489E-01
   5.280E+01   2.959E+00   3.258E-01
   5.300E+01   3.719E+00   2.413E-01
   5.320E+01   4.688E+00   1.834E-01
   5.340E+01   5.921E+00   1.440E-01
   5.360E+01   7.488E+00   1.179E-01
   5.380E+01   9.478E+00   1.019E-01
   5.400E+01   1.200E+01   9.409E-02
   5.420E+01   1.520E+01   9.467E-02
   5.440E+01   1.925E+01   1.061E-01
   5.460E+01   2.435E+01   1.364E-01
   5.480E+01   3.075E+01   2.083E-01
   5.500E+01   3.865E+01   3.936E-01
   5.520E+01   4.793E+01   9.622E-01
   5.540E+01   5.675E+01   3.101E+00
   5.560E+01   5.581E+01   1.166E+01
   5.580E+01   3.117E+01   2.987E+01
   5.600E+01   1.016E+01   3.537E+01
   5.620E+01   3.647E+00   2.839E+01
   5.640E+01   1.753E+00   2.051E+01
   5.660E+01   1.117E+00   1.433E+01
   5.680E+01   8.789E-01   9.891E+00
   5.700E+01   8.031E-01   6.799E+00
   5.720E+01   8.139E-01   4.669E+00
   5.740E+01   8.854E-01   3.210E+00
   5.760E+01   1.011E+00   2.214E+00
   5.780E+01   1.194E+00   1.534E+00
   5.800E+01   1.441E+00   1.069E+00
   5.820E+01   1.767E+00   7.521E-01
   5.840E+01   2.190E+00   5.349E-01
   5.860E+01   2.734E+00   3.859E-01
   5.880E+01   3.430E+00   2.836E-01
   5.900E+01   4.318E+00   2.134E-01
   5.920E+01   5.448E+00   1.655E-01
   5.940E+01   6.884E+00   1.334E-01
   5.960E+01   8.709E+00   1.129E-01
   5.980E+01   1.102E+01   1.016E-01
   6.000E+01   1.396E+01   9.887E-02
   6.020E+01   1.767E+01   1.063E-01
   6.040E+01   2.236E+01   1.295E-01
   6.060E+01   2.826E+01   1.849E-01
   6.080E+01   3.557E+01   3.216E-01
   6.100E+01   4.436E+01   7.118E-01
   6.120E+01   5.368E+01   2.070E+00
   6.140E+01   5.780E+01   7.528E+00
   6.160E+01   4.104E+01   2.347E+01
   6.180E+01   1.501E+01   3.551E+01
   6.200E+01   5.082E+00   3.089E+01
   6.220E+01   2.217E+00   2.287E+01
   6.240E+01   1.299E+00   1.612E+01
   6.260E+01   9.621E-01   1.117E+01
   6.280E+01   8.421E-01   7.690E+00
   6.300E+01   8.283E-01   5.285E+00
   6.320E+01   8.827E-01   3.635E+00
   6.340E+01   9.939E-01   2.506E+00
   6.360E+01   1.162E+00   1.735E+00
   6.380E+01   1.394E+00   1.208E+00
   6.400E+01   1.701E+00   8.482E-01
   6.420E+01   2.101E+00   6.018E-01
   6.440E+01   2.617E+00   4.329E-01
   6.460E+01   3.278E+00   3.169E-01
   6.480E+01   4.122E+00   2.372E-01
   6.500E+01   5.196E+00   1.828E-01
   6.520E+01   6.562E+00   1.460E-01
   6.540E+01   8.298E+00   1.222E-01
   6.560E+01   1.050E+01   1.084E-01
   6.580E+01   1.329E+01   1.037E-01
   6.600E+01   1.683E+01   1.090E-01
   6.620E+01   2.129E+01   1.291E-01
   6.640E+01   2.690E+01   1.777E-01
   6.660E+01   3.389E+01   2.954E-01
   6.680E+01   4.236E+01   6.187E-01
   6.700E+01   5.166E+01   1.693E+00
   6.720E+01   5.755E+01   5.910E+00
   6.740E+01   4.576E+01   1.970E+01
   6.760E+01   1.872E+01   3.443E+01
   6.780E+01   6.247E+00   3.202E+01
   6.800E+01   2.595E+00   2.419E+01
   6.820E+01   1.450E+00   1.717E+01
   6.840E+01   1.035E+00   1.194E+01
   6.860E+01   8.831E-01   8.232E+00
   6.880E+01   8.530E-01   5.663E+00
   6.900E+01   8.976E-01   3.896E+00
   6.920E+01   1.002E+00   2.687E+00
   6.940E+01   1.164E+00   1.861E+00
   6.960E+01   1.390E+00   1.296E+00
   6.980E+01   1.692E+00   9.095E-01
   7.000E+01   2.086E+00   6.451E-01
   7.020E+01   2.594E+00   4.637E-01
   7.040E+01   3.246E+00   3.392E-01
   7.060E+01   4.078E+00   2.536E-01
   7.080E+01   5.138E+00   1.951E-01
   7.100E+01   6.486E+00   1.556E-01
   7.120E+01   8.199E+00   1.298E-01
   7.140E+01   1.037E+01   1.149E-01
   7.160E+01   1.313E+01   1.094E-01
   7.180E+01   1.661E+01   1.143E-01
   7.200E+01   2.102E+01   1.344E-01
   7.220E+01   2.655E+01   1.833E-01
   7.240E+01   3.344E+01   3.010E-01
   7.260E+01   4.178E+01   6.210E-01
   7.280E+01   5.097E+01   1.668E+00
   7.300E+01   5.699E+01   5.709E+00
   7.320E+01   4.614E+01   1.895E+01
   7.340E+01   1.949E+01   3.382E+01
   7.360E+01   6.557E+00   3.198E+01
   7.380E+01   2.718E+00   2.430E+01
   7.400E+01   1.512E+00   1.729E+01
   7.420E+01   1.075E+00   1.204E+01
   7.440E+01   9.132E-01   8.311E+00
   7.460E+01   8.795E-01   5.722E+00
   7.480E+01   9.237E-01   3.940E+00
   7.500E+01   1.029E+00   2.720E+00
   7.520E+01   1.195E+00   1.885E+00
   7.540E+01   1.426E+00   1.314E+00
   7.560E+01   1.734E+00   9.233E-01
   7.580E+01   2.137E+00   6.558E-01
   7.600E+01   2.656E+00   4.722E-01
   7.620E+01   3.322E+00   3.461E-01
   7.640E+01   4.173E+00   2.595E-01
   7.660E+01   5.257E+00   2.002E-01
   7.680E+01   6.635E+00   1.603E-01
   7.700E+01   8.385E+00   1.345E-01
   7.720E+01   1.061E+01   1.197E-01
   7.740E+01   1.342E+01   1.149E-01
   7.760E+01   1.698E+01   1.212E-01
   7.780E+01   2.147E+01   1.443E-01
   7.800E+01   2.712E+01   1.999E-01
   7.820E+01   3.412E+01   3.344E-01
   7.840E+01   4.254E+01   7.049E-01
   7.860E+01   5.158E+01   1.934E+00
   7.880E+01   5.645E+01   6.653E+00
   7.900E+01   4.298E+01   2.088E+01
   7.920E+01   1.724E+01   3.405E+01
   7.940E+01   5.927E+00   3.097E+01
   7.960E+01   2.556E+00   2.330E+01
   7.980E+01   1.472E+00   1.654E+01
   8.000E+01   1.073E+00   1.151E+01
   8.020E+01   9.282E-01   7.949E+00
   8.040E+01   9.048E-01   5.476E+00
   8.060E+01   9.580E-01   3.774E+00
   8.080E+01   1.074E+00   2.608E+00
   8.100E+01   1.251E+00   1.810E+00
   8.120E+01   1.496E+00   1.264E+00
   8.140E+01   1.822E+00   8.905E-01
   8.160E+01   2.248E+00   6.344E-01
   8.180E+01   2.796E+00   4.585E-01
   8.200E+01   3.499E+00   3.377E-01
   8.220E+01   4.397E+00   2.547E-01
   8.240E+01   5.539E+00   1.980E-01
   8.260E+01   6.992E+00   1.600E-01
   8.280E+01   8.836E+00   1.359E-01
   8.300E+01   1.118E+01   1.228E-01
   8.320E+01   1.414E+01   1.201E-01
   8.340E+01   1.788E+01   1.299E-01
   8.360E+01   2.261E+01   1.594E-01
   8.380E+01   2.852E+01   2.293E-01
   8.400E+01   3.582E+01   4.020E-01
   8.420E+01   4.446E+01   8.947E-01
   8.440E+01   5.311E+01   2.590E+00
   8.460E+01   5.508E+01   9.024E+00
   8.480E+01   3.636E+01   2.497E+01
   8.500E+01   1.333E+01   3.415E+01
   8.520E+01   4.786E+00   2.907E+01
   8.540E+01   2.224E+00   2.146E+01
   8.560E+01   1.366E+00   1.515E+01
   8.580E+01   1.045E+00   1.052E+01
   8.600E+01   9.339E-01   7.263E+00
   8.620E+01   9.315E-01   5.006E+00
   8.640E+01   1.002E+00   3.454E+00
   8.660E+01   1.134E+00   2.391E+00
   8.680E+01   1.331E+00   1.663E+00
   8.700E+01   1.600E+00   1.165E+00
   8.720E+01   1.956E+00   8.232E-01
   8.740E+01   2.418E+00   5.891E-01
   8.760E+01   3.012E+00   4.282E-01
   8.780E+01   3.773E+00   3.177E-01
   8.800E+01   4.744E+00   2.418E-01
   8.820E+01   5.979E+00   1.902E-01
   8.840E+01   7.549E+00   1.561E-01
   8.860E+01   9.541E+00   1.350E-01
   8.880E+01   1.207E+01   1.250E-01
   8.900E+01   1.526E+01   1.260E-01
   8.920E+01   1.930E+01   1.415E-01
   8.940E+01   2.438E+01   1.821E-01
   8.960E+01   3.072E+01   2.780E-01
   8.980E+01   3.846E+01   5.240E-01
   9.000E+01   4.731E+01   1.267E+00
   9.020E+01   5.486E+01   3.950E+00
   9.040E+01   5.106E+01   1.351E+01
   9.060E+01   2.701E+01   2.988E+01
   9.080E+01   9.340E+00   3.303E+01
   9.100E+01   3.634E+00   2.633E+01
   9.120E+01   1.872E+00   1.907E+01
   9.140E+01   1.250E+00   1.337E+01
   9.160E+01   1.015E+00   9.270E+00
   9.180E+01   9.463E-01   6.398E+00
   9.200E+01   9.714E-01   4.413E+00
   9.220E+01   1.066E+00   3.050E+00
   9.240E+01   1.223E+00   2.116E+00
   9.260E+01   1.448E+00   1.476E+00
   9.280E+01   1.752E+00   1.038E+00
   9.300E+01   2.150E+00   7.374E-01
   9.320E+01   2.665E+00   5.312E-01
   9.340E+01   3.327E+00   3.894E-01
   9.360E+01   4.173E+00   2.920E-01
   9.380E+01   5.251E+00   2.253E-01
   9.400E+01   6.621E+00   1.803E-01
   9.420E+01   8.362E+00   1.512E-01
   9.440E+01   1.057E+01   1.344E-01
   9.460E+01   1.337E+01   1.288E-01
   9.480E+01   1.690E+01   1.357E-01
   9.500E+01   2.136E+01   1.611E-01
   9.520E+01   2.696E+01   2.222E-01
   9.540E+01   3.388E+01   3.697E-01
   9.560E+01   4.216E+01   7.722E-01
   9.580E+01   5.090E+01   2.087E+00
   9.600E+01   5.518E+01   6.985E+00
   9.620E+01   4.149E+01   2.099E+01
   9.640E+01   1.690E+01   3.328E+01
   9.660E+01   5.973E+00   3.023E+01
   9.680E+01   2.638E+00   2.280E+01
   9.700E+01   1.544E+00   1.623E+01
   9.720E+01   1.137E+00   1.131E+01
   9.740E+01   9.898E-01   7.826E+00
   9.760E+01   9.687E-01   5.401E+00
   9.780E+01   1.028E+00   3.730E+00
   9.800E+01   1.153E+00   2.583E+00
   9.820E+01   1.345E+00   1.798E+00
   9.840E+01   1.609E+00   1.259E+00
   9.860E+01   1.960E+00   8.905E-01
   9.880E+01   2.418E+00   6.373E-01
   9.900E+01   3.008E+00   4.632E-01
   9.920E+01   3.763E+00   3.436E-01
   9.940E+01   4.726E+00   2.614E-01
   9.960E+01   5.953E+00   2.055E-01
   9.980E+01   7.511E+00   1.685E-01
   1.000E+02   9.490E+00   1.455E-01
