   0.0000000000000000       -0.0000000000000000        1.0000000000000000        9.9999997764825821E-003   0.0000000000000000        1.0000000000000000        1.0000000000000000     
   9.9999997764825821E-003  -9.9999997764825821E-003   1.0001000033289460        1.0000999826417188E-002   9.9999997764825821E-003   1.0000499995811190        1.0000499995811190     
   1.9999999552965164E-002  -1.9999999552965164E-002   1.0002000266608906        1.0004000576320948E-002   1.9999999552965164E-002   1.0000000066671662        1.0000000066671662     
   2.9999999329447746E-002  -2.9999999329447746E-002   1.0003000900108361        1.0009003827093904E-002   2.9999999329447746E-002  0.99985005625563850       0.99985005625563850     
   3.9999999105930328E-002  -3.9999999105930328E-002   1.0004002134178052        1.0016012582237662E-002   3.9999999105930328E-002  0.99960021332553728       0.99960021332553728     
   4.9999998882412910E-002  -4.9999998882412910E-002   1.0005004169568801        1.0025031050860649E-002   4.9999998882412910E-002  0.99925057280689022       0.99925057280689022     
   5.9999998658895493E-002  -5.9999998658895493E-002   1.0006007207512799        1.0036064651891363E-002   5.9999998658895493E-002  0.99880125953531862       0.99880125953531862     
   6.9999998435378075E-002  -6.9999998435378075E-002   1.0007011449844836        1.0049120019505512E-002   6.9999998435378075E-002  0.99825242819167737       0.99825242819167737     
   7.9999998211860657E-002  -7.9999998211860657E-002   1.0008017099124156        1.0064205009774676E-002   7.9999998211860657E-002  0.99760426322681706       0.99760426322681706     
   8.9999997988343239E-002  -8.9999997988343239E-002   1.0009024358757028        1.0081328708545789E-002   8.9999997988343239E-002  0.99685697877152057       0.99685697877152057     
   9.9999997764825821E-002  -9.9999997764825821E-002   1.0010033433120169        1.0100501440562539E-002   9.9999997764825821E-002  0.99601081853167950       0.99601081853167950     
  0.10999999754130840      -0.10999999754130840        1.0011044527685142        1.0121734779841485E-002  0.10999999754130840       0.99506605566878592       0.99506605566878592     
  0.11999999731779099      -0.11999999731779099        1.0012057849143858        1.0145041561317491E-002  0.11999999731779099       0.99402299266582728       0.99402299266582728     
  0.12999999709427357      -0.12999999709427357        1.0013073605535296        1.0170435893774895E-002  0.12999999709427357       0.99288196117867544       0.99288196117867544     
  0.13999999687075615      -0.13999999687075615        1.0014092006373596        1.0197933174082640E-002  0.13999999687075615       0.99164332187308168       0.99164332187308168     
  0.14999999664723873      -0.14999999664723873        1.0015113262777633        1.0227550102753492E-002  0.14999999664723873       0.99030746424738880       0.99030746424738880     
  0.15999999642372131      -0.15999999642372131        1.0016137587602212        1.0259304700849334E-002  0.15999999642372131       0.98887480644108805       0.98887480644108805     
  0.16999999620020390      -0.16999999620020390        1.0017165195571027        1.0293216328256515E-002  0.16999999620020390       0.98734579502935627       0.98734579502935627     
  0.17999999597668648      -0.17999999597668648        1.0018196303411520        1.0329305703357192E-002  0.17999999597668648       0.98572090480371943       0.98572090480371943     
  0.18999999575316906      -0.18999999575316906        1.0019231129991761        1.0367594924124646E-002  0.18999999575316906       0.98400063853899267       0.98400063853899267     
  0.19999999552965164      -0.19999999552965164        1.0020269896459539        1.0408107490672641E-002  0.19999999552965164       0.98218552674666815       0.98218552674666815     
  0.20999999530613422      -0.20999999530613422        1.0021312826383750        1.0450868329291046E-002  0.20999999530613422       0.98027612741491632       0.98027612741491632     
  0.21999999508261681      -0.21999999508261681        1.0022360145898288        1.0495903818002117E-002  0.21999999508261681       0.97827302573538855       0.97827302573538855     
  0.22999999485909939      -0.22999999485909939        1.0023412083848562        1.0543241813674128E-002  0.22999999485909939       0.97617683381700948       0.97617683381700948     
  0.23999999463558197      -0.23999999463558197        1.0024468871940795        1.0592911680731358E-002  0.23999999463558197       0.97398819038695872       0.97398819038695872     
  0.24999999441206455      -0.24999999441206455        1.0025530744894289        1.0644944321501839E-002  0.24999999441206455       0.97170776047905227       0.97170776047905227     
  0.25999999418854713      -0.25999999418854713        1.0026597940596802        1.0699372208246773E-002  0.25999999418854713       0.96933623510973976       0.96933623510973976     
  0.26999999396502972      -0.26999999396502972        1.0027670700263216        1.0756229416918065E-002  0.26999999396502972       0.96687433094194097       0.96687433094194097     
  0.27999999374151230      -0.27999999374151230        1.0028749268597663        1.0815551662693088E-002  0.27999999374151230       0.96432278993695653       0.96432278993695653     
  0.28999999351799488      -0.28999999351799488        1.0029833893959303        1.0877376337338504E-002  0.28999999351799488       0.96168237899469300       0.96168237899469300     
  0.29999999329447746      -0.29999999329447746        1.0030924828531931        1.0941742548457870E-002  0.29999999329447746       0.95895388958245065       0.95895388958245065     
  0.30999999307096004      -0.30999999307096004        1.0032022328497598        1.1008691160680619E-002  0.30999999307096004       0.95613813735252984       0.95613813735252984     
  0.31999999284744263      -0.31999999284744263        1.0033126654214466        1.1078264838853097E-002  0.31999999284744263       0.95323596174891823       0.95323596174891823     
  0.32999999262392521      -0.32999999262392521        1.0034238070399066        1.1150508093295524E-002  0.32999999262392521       0.95024822560332955       0.95024822560332955     
  0.33999999240040779      -0.33999999240040779        1.0035356846313199        1.1225467327191979E-002  0.33999999240040779       0.94717581472086887       0.94717581472086887     
  0.34999999217689037      -0.34999999217689037        1.0036483255955688        1.1303190886183969E-002  0.34999999217689037       0.94401963745560991       0.94401963745560991     
  0.35999999195337296      -0.35999999195337296        1.0037617578259193        1.1383729110241651E-002  0.35999999195337296       0.94078062427636966       0.94078062427636966     
  0.36999999172985554      -0.36999999172985554        1.0038760097292334        1.1467134387890522E-002  0.36999999172985554       0.93745972732297922       0.93745972732297922     
  0.37999999150633812      -0.37999999150633812        1.0039911102467365        1.1553461212875159E-002  0.37999999150633812       0.93405791995334864       0.93405791995334864     
  0.38999999128282070      -0.38999999128282070        1.0041070888753632        1.1642766243345664E-002  0.38999999128282070       0.93057619628163279       0.93057619628163279     
  0.39999999105930328      -0.39999999105930328        1.0042239756897073        1.1735108363656573E-002  0.39999999105930328       0.92701557070781038       0.92701557070781038     
  0.40999999083578587      -0.40999999083578587        1.0043418013646057        1.1830548748872365E-002  0.40999999083578587       0.92337707743899089       0.92337707743899089     
  0.41999999061226845      -0.41999999061226845        1.0044605971983780        1.1929150932078213E-002  0.41999999061226845       0.91966177000277072       0.91966177000277072     
  0.42999999038875103      -0.42999999038875103        1.0045803951367565        1.2030980874599336E-002  0.42999999038875103       0.91587072075296472       0.91587072075296472     
  0.43999999016523361      -0.43999999016523361        1.0047012277975316        1.2136107039237242E-002  0.43999999016523361       0.91200502036803976       0.91200502036803976     
  0.44999998994171619      -0.44999998994171619        1.0048231284959461        1.2244600466636260E-002  0.44999998994171619       0.90806577734258698       0.90806577734258698     
  0.45999998971819878      -0.45999998971819878        1.0049461312708685        1.2356534854899164E-002  0.45999998971819878       0.90405411747216469       0.90405411747216469     
  0.46999998949468136      -0.46999998949468136        1.0050702709117803        1.2471986642576221E-002  0.46999998949468136       0.89997118333185810       0.89997118333185810     
  0.47999998927116394      -0.47999998927116394        1.0051955829866093        1.2591035095157910E-002  0.47999998927116394       0.89581813374889019       0.89581813374889019     
  0.48999998904764652      -0.48999998904764652        1.0053221038704470        1.2713762395207618E-002  0.48999998904764652       0.89159614326963765       0.89159614326963765     
  0.49999998882412910      -0.49999998882412910        1.0054498707751856        1.2840253736277011E-002  0.49999998882412910       0.88730640162139385       0.88730640162139385     
  0.50999998860061169      -0.50999998860061169        1.0055789217801137        1.2970597420753443E-002  0.50999998860061169       0.88295011316923100       0.88295011316923100     
  0.51999998837709427      -0.51999998837709427        1.0057092958635110        1.3104884961795776E-002  0.51999998837709427       0.87852849636831365       0.87852849636831365     
  0.52999998815357685      -0.52999998815357685        1.0058410329352832        1.3243211189522217E-002  0.52999998815357685       0.87404278321201545       0.87404278321201545     
  0.53999998793005943      -0.53999998793005943        1.0059741738706809        1.3385674361621457E-002  0.53999998793005943       0.86949421867619425       0.86949421867619425     
  0.54999998770654202      -0.54999998770654202        1.0061087605451475        1.3532376278566346E-002  0.54999998770654202       0.86488406015998220       0.86488406015998220     
  0.55999998748302460      -0.55999998748302460        1.0062448358703433        1.3683422403617721E-002  0.55999998748302460       0.86021357692344436       0.86021357692344436     
  0.56999998725950718      -0.56999998725950718        1.0063824438313933        1.3838921987814725E-002  0.56999998725950718       0.85548404952246482       0.85548404952246482     
  0.57999998703598976      -0.57999998703598976        1.0065216295254122        1.3998988200157098E-002  0.57999998703598976       0.85069676924121618       0.85069676924121618     
  0.58999998681247234      -0.58999998681247234        1.0066624392013570        1.4163738263194560E-002  0.58999998681247234       0.84585303752256769       0.84585303752256769     
  0.59999998658895493      -0.59999998658895493        1.0068049203012641        1.4333293594248356E-002  0.59999998658895493       0.84095416539679024       0.84095416539679024     
  0.60999998636543751      -0.60999998636543751        1.0069491215029271        1.4507779952500627E-002  0.60999998636543751       0.83600147290891091       0.83600147290891091     
  0.61999998614192009      -0.61999998614192009        1.0070950927640767        1.4687327592198256E-002  0.61999998614192009       0.83099628854507379       0.83099628854507379     
  0.62999998591840267      -0.62999998591840267        1.0072428853681232        1.4872071422229341E-002  0.62999998591840267       0.82593994865825782       0.82593994865825782     
  0.63999998569488525      -0.63999998569488525        1.0073925519715288        1.5062151172342620E-002  0.63999998569488525       0.82083379689370439       0.82083379689370439     
  0.64999998547136784      -0.64999998547136784        1.0075441466528761        1.5257711566292784E-002  0.64999998547136784       0.81567918361440483       0.81567918361440483     
  0.65999998524785042      -0.65999998524785042        1.0076977249637034        1.5458902502207919E-002  0.65999998524785042       0.81047746532699172       0.81047746532699172     
  0.66999998502433300      -0.66999998502433300        1.0078533439811819        1.5665879240489296E-002  0.66999998502433300       0.80523000410838508       0.80523000410838508     
  0.67999998480081558      -0.67999998480081558        1.0080110623627105        1.5878802599568261E-002  0.67999998480081558       0.79993816703352982       0.79993816703352982     
  0.68999998457729816      -0.68999998457729816        1.0081709404025088        1.6097839159860381E-002  0.68999998457729816       0.79460332560456814       0.79460332560456814     
  0.69999998435378075      -0.69999998435378075        1.0083330400902921        1.6323161476273024E-002  0.69999998435378075       0.78922685518178259       0.78922685518178259     
  0.70999998413026333      -0.70999998413026333        1.0084974251721162        1.6554948299639431E-002  0.70999998413026333       0.78381013441664060       0.78381013441664060     
  0.71999998390674591      -0.71999998390674591        1.0086641612134819        1.6793384807470058E-002  0.71999998390674591       0.77835454468727405       0.77835454468727405     
  0.72999998368322849      -0.72999998368322849        1.0088333156647966        1.7038662844430470E-002  0.72999998368322849       0.77286146953671675       0.77286146953671675     
  0.73999998345971107      -0.73999998345971107        1.0090049579292901        1.7290981172974645E-002  0.73999998345971107       0.76733229411422221       0.76733229411422221     
  0.74999998323619366      -0.74999998323619366        1.0091791594334893        1.7550545734582916E-002  0.74999998323619366       0.76176840461997941       0.76176840461997941     
  0.75999998301267624      -0.75999998301267624        1.0093559937003611        1.7817569922075307E-002  0.75999998301267624       0.75617118775353986       0.75617118775353986     
  0.76999998278915882      -0.76999998278915882        1.0095355364252347        1.8092274863493567E-002  0.76999998278915882       0.75054203016626286       0.75054203016626286     
  0.77999998256564140      -0.77999998256564140        1.0097178655546242        1.8374889718068825E-002  0.77999998256564140       0.74488231791808479       0.74488231791808479     
  0.78999998234212399      -0.78999998234212399        1.0099030613680722        1.8665651984816761E-002  0.78999998234212399       0.73919343593890707       0.73919343593890707     
  0.79999998211860657      -0.79999998211860657        1.0100912065631451        1.8964807824328161E-002  0.79999998211860657       0.73347676749489954       0.73347676749489954     
  0.80999998189508915      -0.80999998189508915        1.0102823863437160        1.9272612394350314E-002  0.80999998189508915       0.72773369366000373       0.72773369366000373     
  0.81999998167157173      -0.81999998167157173        1.0104766885116727        1.9589330199783424E-002  0.81999998167157173       0.72196559279291883       0.72196559279291883     
  0.82999998144805431      -0.82999998144805431        1.0106742035622027        1.9915235457746535E-002  0.82999998144805431       0.71617384001984752       0.71617384001984752     
  0.83999998122453690      -0.83999998122453690        1.0108750247828056        2.0250612478399304E-002  0.83999998122453690       0.71035980672326882       0.71035980672326882     
  0.84999998100101948      -0.84999998100101948        1.0110792483561959        2.0595756062239411E-002  0.84999998100101948       0.70452486003700443       0.70452486003700443     
  0.85999998077750206      -0.85999998077750206        1.0112869734672645        2.0950971914630547E-002  0.85999998077750206       0.69867036234783408       0.69867036234783408     
  0.86999998055398464      -0.86999998055398464        1.0114983024142750        2.1316577078352879E-002  0.86999998055398464       0.69279767080391197       0.69279767080391197     
  0.87999998033046722      -0.87999998033046722        1.0117133407244783        2.1692900385006819E-002  0.87999998033046722       0.68690813683022744       0.68690813683022744     
  0.88999998010694981      -0.88999998010694981        1.0119321972743400        2.2080282926141691E-002  0.88999998010694981       0.68100310565134881       0.68100310565134881     
  0.89999997988343239      -0.89999997988343239        1.0121549844145810        2.2479078545024015E-002  0.89999997988343239       0.67508391582167993       0.67508391582167993     
  0.90999997965991497      -0.90999997965991497        1.0123818181002429        2.2889654350005187E-002  0.90999997965991497       0.66915189876345349       0.66915189876345349     
  0.91999997943639755      -0.91999997943639755        1.0126128180259997        2.3312391250496022E-002  0.91999997943639755       0.66320837831267820       0.66320837831267820     
  0.92999997921288013      -0.92999997921288013        1.0128481077669464        2.3747684516605579E-002  0.92999997921288013       0.65725467027324902       0.65725467027324902     
  0.93999997898936272      -0.93999997898936272        1.0130878149251072        2.4195944363554382E-002  0.93999997898936272       0.65129208197942134       0.65129208197942134     
  0.94999997876584530      -0.94999997876584530        1.0133320712819154        2.4657596562027508E-002  0.94999997876584530       0.64532191186684618       0.64532191186684618     
  0.95999997854232788      -0.95999997854232788        1.0135810129569334        2.5133083075691391E-002  0.95999997854232788       0.63934544905235213       0.63934544905235213     
  0.96999997831881046      -0.96999997831881046        1.0138347805730872        2.5622862727159461E-002  0.96999997831881046       0.63336397292265290       0.63336397292265290     
  0.97999997809529305      -0.97999997809529305        1.0140935194287102        2.6127411893756461E-002  0.97999997809529305       0.62737875273215615       0.62737875273215615     
  0.98999997787177563      -0.98999997787177563        1.0143573796766978        2.6647225234499215E-002  0.98999997787177563       0.62139104721003380       0.62139104721003380     
  0.99999997764825821      -0.99999997764825821        1.0146265165110953        2.7182816449783282E-002  0.99999997764825821       0.61540210417671437       0.61540210417671437     
   1.0099999774247408       -1.0099999774247408        1.0149010903614522        2.7734719075340367E-002   1.0099999774247408       0.60941316016994351       0.60941316016994351     
   1.0199999772012234       -1.0199999772012234        1.0151812670952940        2.8303487312110791E-002   1.0199999772012234       0.60342544008055632       0.60342544008055632     
   1.0299999769777060       -1.0299999769777060        1.0154672182290800        2.8889696893758976E-002   1.0299999769777060       0.59744015679809426       0.59744015679809426     
   1.0399999767541885       -1.0399999767541885        1.0157591211480317        2.9493945993648130E-002   1.0399999767541885       0.59145851086639101       0.59145851086639101     
   1.0499999765306711       -1.0499999765306711        1.0160571593352361        3.0116856173183097E-002   1.0499999765306711       0.58548169014924856       0.58548169014924856     
   1.0599999763071537       -1.0599999763071537        1.0163615226104479        3.0759073373528307E-002   1.0599999763071537       0.57951086950631026       0.57951086950631026     
   1.0699999760836363       -1.0699999760836363        1.0166724073790341        3.1421268952810846E-002   1.0699999760836363       0.57354721047923396       0.57354721047923396     
   1.0799999758601189       -1.0799999758601189        1.0169900168915271        3.2104140771027398E-002   1.0799999758601189       0.56759186098826242       0.56759186098826242     
   1.0899999756366014       -1.0899999756366014        1.0173145615142765        3.2808414324988433E-002   1.0899999756366014       0.56164595503927406       0.56164595503927406     
   1.0999999754130840       -1.0999999754130840        1.0176462590117084        3.3534843935753796E-002   1.0999999754130840       0.55571061244139464       0.55571061244139464     
   1.1099999751895666       -1.1099999751895666        1.0179853348407337        3.4284213991141274E-002   1.1099999751895666       0.54978693853524241       0.54978693853524241     
   1.1199999749660492       -1.1199999749660492        1.0183320224578687        3.5057340246024027E-002   1.1199999749660492       0.54387602393186785       0.54387602393186785     
   1.1299999747425318       -1.1299999747425318        1.0186865636396576        3.5855071183274474E-002   1.1299999747425318       0.53797894426244630       0.53797894426244630     
   1.1399999745190144       -1.1399999745190144        1.0190492088170211        3.6678289438361655E-002   1.1399999745190144       0.53209675993877015       0.53209675993877015     
   1.1499999742954969       -1.1499999742954969        1.0194202174241833        3.7527913290766692E-002   1.1499999742954969       0.52623051592458259       0.52623051592458259     
   1.1599999740719795       -1.1599999740719795        1.0197998582628591        3.8404898225547379E-002   1.1599999740719795       0.52038124151778653       0.52038124151778653     
   1.1699999738484621       -1.1699999738484621        1.0201884098824228        3.9310238568558371E-002   1.1699999738484621       0.51454995014355343       0.51454995014355343     
   1.1799999736249447       -1.1799999736249447        1.0205861609768136        4.0244969199018592E-002   1.1799999736249447       0.50873763915835302       0.50873763915835302     
   1.1899999734014273       -1.1899999734014273        1.0209934107989687        4.1210167343313106E-002   1.1899999734014273       0.50294528966491325       0.50294528966491325     
   1.1999999731779099       -1.1999999731779099        1.0214104695936168        4.2206954454122897E-002   1.1999999731779099       0.49717386633811733       0.49717386633811733     
   1.2099999729543924       -1.2099999729543924        1.0218376590493101        4.3236498179193873E-002   1.2099999729543924       0.49142431726183400       0.49142431726183400     
   1.2199999727308750       -1.2199999727308750        1.0222753127706077        4.4300014424286376E-002   1.2199999727308750       0.48569757377667150       0.48569757377667150     
   1.2299999725073576       -1.2299999725073576        1.0227237767713813        4.5398769515089421E-002   1.2299999725073576       0.47999455033864069       0.47999455033864069     
   1.2399999722838402       -1.2399999722838402        1.0231834099902550        4.6534082463140267E-002   1.2399999722838402       0.47431614438870284       0.47431614438870284     
   1.2499999720603228       -1.2499999720603228        1.0236545848292471        4.7707327341060875E-002   1.2499999720603228       0.46866323623317419       0.46866323623317419     
   1.2599999718368053       -1.2599999718368053        1.0241376877167332        4.8919935772709013E-002   1.2599999718368053       0.46303668893495137       0.46303668893495137     
   1.2699999716132879       -1.2699999716132879        1.0246331196959095        5.0173399544144050E-002   1.2699999716132879       0.45743734821551391       0.45743734821551391     
   1.2799999713897705       -1.2799999713897705        1.0251412970399976        5.1469273341627028E-002   1.2799999713897705       0.45186604236765954       0.45186604236765954     
   1.2899999711662531       -1.2899999711662531        1.0256626518954890        5.2809177623212092E-002   1.2899999711662531       0.44632358217891438       0.44632358217891438     
   1.2999999709427357       -1.2999999709427357        1.0261976329548042        5.4194801630843309E-002   1.2999999709427357       0.44081076086556015       0.44081076086556015     
   1.3099999707192183       -1.3099999707192183        1.0267467061598041        5.5627906550247949E-002   1.3099999707192183       0.43532835401721304       0.43532835401721304     
   1.3199999704957008       -1.3199999704957008        1.0273103554376728        5.7110328826316087E-002   1.3199999704957008       0.42987711955188190       0.42987711955188190     
   1.3299999702721834       -1.3299999702721834        1.0278890834707630        5.8643983642077922E-002   1.3299999702721834       0.42445779768142972       0.42445779768142972     
   1.3399999700486660       -1.3399999700486660        1.0284834125020865        6.0230868569836060E-002   1.3399999700486660       0.41907111088735766       0.41907111088735766     
   1.3499999698251486       -1.3499999698251486        1.0290938851782141        6.1873067403481356E-002   1.3499999698251486       0.41371776390682435       0.41371776390682435     
   1.3599999696016312       -1.3599999696016312        1.0297210654314424        6.3572754181519670E-002   1.3599999696016312       0.40839844372880713       0.40839844372880713     
   1.3699999693781137       -1.3699999693781137        1.0303655394031881        6.5332197410864337E-002   1.3699999693781137       0.40311381960031267       0.40311381960031267     
   1.3799999691545963       -1.3799999691545963        1.0310279164106668        6.7153764502007246E-002   1.3799999691545963       0.39786454304253271       0.39786454304253271     
   1.3899999689310789       -1.3899999689310789        1.0317088299590274        6.9039926426771980E-002   1.3899999689310789       0.39265124787684191       0.39265124787684191     
   1.3999999687075615       -1.3999999687075615        1.0324089388012254        7.0993262610477323E-002   1.3999999687075615       0.38747455026052757       0.38747455026052757     
   1.4099999684840441       -1.4099999684840441        1.0331289280480422        7.3016466071000957E-002   1.4099999684840441       0.38233504873213886       0.38233504873213886     
   1.4199999682605267       -1.4199999682605267        1.0338695103307840        7.5112348817933189E-002   1.4199999682605267       0.37723332426633766       0.37723332426633766     
   1.4299999680370092       -1.4299999680370092        1.0346314270193300        7.7283847525751792E-002   1.4299999680370092       0.37216994033813183       0.37216994033813183     
   1.4399999678134918       -1.4399999678134918        1.0354154494983443        7.9534029495733821E-002   1.4399999678134918       0.36714544299636553       0.36714544299636553     
   1.4499999675899744       -1.4499999675899744        1.0362223805046142        8.1866098922151298E-002   1.4499999675899744       0.36216036094634108       0.36216036094634108     
   1.4599999673664570       -1.4599999673664570        1.0370530555286406        8.4283403479177815E-002   1.4599999673664570       0.35721520564144094       0.35721520564144094     
   1.4699999671429396       -1.4699999671429396        1.0379083442837720        8.6789441245865212E-002   1.4699999671429396       0.35231047138361843       0.35231047138361843     
   1.4799999669194221       -1.4799999669194221        1.0387891522463559        8.9387867987537284E-002   1.4799999669194221       0.34744663543262111       0.34744663543262111     
   1.4899999666959047       -1.4899999666959047        1.0396964222705654        9.2082504812993654E-002   1.4899999666959047       0.34262415812380809       0.34262415812380809     
   1.4999999664723873       -1.4999999664723873        1.0406311362817624        9.4877346228025600E-002   1.4999999664723873       0.33784348299442479       0.33784348299442479     
   1.5099999662488699       -1.5099999662488699        1.0415943170524675        9.7776568606920911E-002   1.5099999662488699       0.33310503691818921       0.33310503691818921     
   1.5199999660253525       -1.5199999660253525        1.0425870300652293       0.10078453910487978        1.5199999660253525       0.32840923024804913       0.32840923024804913     
   1.5299999658018351       -1.5299999658018351        1.0436103854669236       0.10390582503558443        1.5299999658018351       0.32375645696696431       0.32375645696696431     
   1.5399999655783176       -1.5399999655783176        1.0446655401192595       0.10714520373956433        1.5399999655783176       0.31914709484656695       0.31914709484656695     
   1.5499999653548002       -1.5499999653548002        1.0457536997505357       0.11050767297048322        1.5499999653548002       0.31458150561355364       0.31458150561355364     
   1.5599999651312828       -1.5599999651312828        1.0468761212139686       0.11399846182804789        1.5599999651312828       0.31006003512366015       0.31006003512366015     
   1.5699999649077654       -1.5699999649077654        1.0480341148582082       0.11762304226790771        1.5699999649077654       0.30558301354307010       0.30558301354307010     
   1.5799999646842480       -1.5799999646842480        1.0492290470159711       0.12138714122068481        1.5799999646842480       0.30115075553710824       0.30115075553710824     
   1.5899999644607306       -1.5899999644607306        1.0504623426170498       0.12529675335415294        1.5899999644607306       0.29676356046606833       0.29676356046606833     
   1.5999999642372131       -1.5999999642372131        1.0517354879323098       0.12935815451457613        1.5999999642372131       0.29242171258802629       0.29242171258802629     
   1.6099999640136957       -1.6099999640136957        1.0530500334556525       0.13357791588533352        1.6099999640136957       0.28812548126848853       0.28812548126848853     
   1.6199999637901783       -1.6199999637901783        1.0544075969313198       0.13796291890320095        1.6199999637901783       0.28387512119672753       0.28387512119672753     
   1.6299999635666609       -1.6299999635666609        1.0558098665343247       0.14252037097504294        1.6299999635666609       0.27967087260865409       0.27967087260865409     
   1.6399999633431435       -1.6399999633431435        1.0572586042122405       0.14725782204019783        1.6399999633431435       0.27551296151608118       0.27551296151608118     
   1.6499999631196260       -1.6499999631196260        1.0587556491970394       0.15218318202652431        1.6499999631196260       0.27140159994223056       0.27140159994223056     
   1.6599999628961086       -1.6599999628961086        1.0603029216961715       0.15730473925092986        1.6599999628961086       0.26733698616333773       0.26733698616333773     
   1.6699999626725912       -1.6699999626725912        1.0619024267725938       0.16263117981822930        1.6699999626725912       0.26331930495621186       0.26331930495621186     
   1.6799999624490738       -1.6799999624490738        1.0635562584240166       0.16817160807539977        1.6799999624490738       0.25934872785160717       0.25934872785160717     
   1.6899999622255564       -1.6899999622255564        1.0652666038722185       0.17393556818171466        1.6899999622255564       0.25542541339326680       0.25542541339326680     
   1.6999999620020390       -1.6999999620020390        1.0670357480739097       0.17993306685887089        1.6999999620020390       0.25154950740250054       0.25154950740250054     
   1.7099999617785215       -1.7099999617785215        1.0688660784652761       0.18617459738908132        1.7099999617785215       0.24772114324816025       0.24772114324816025     
   1.7199999615550041       -1.7199999615550041        1.0707600899530445       0.19267116493320469        1.7199999615550041       0.24394044212188007       0.24394044212188007     
   1.7299999613314867       -1.7299999613314867        1.0727203901656437       0.19943431324534353        1.7299999613314867       0.24020751331845117       0.24020751331845117     
   1.7399999611079693       -1.7399999611079693        1.0747497049788319       0.20647615286497301        1.7399999611079693       0.23652245452120341       0.23652245452120341     
   1.7499999608844519       -1.7499999608844519        1.0768508843309879       0.21380939087258977        1.7499999608844519       0.23288535209226890       0.23288535209226890     
   1.7599999606609344       -1.7599999606609344        1.0790269083441535       0.22144736230010637        1.7599999606609344       0.22929628136760780       0.22929628136760780     
   1.7699999604374170       -1.7699999604374170        1.0812808937678566       0.22940406329278767        1.7699999604374170       0.22575530695667845       0.22575530695667845     
   1.7799999602138996       -1.7799999602138996        1.0836161007637350       0.23769418612544910        1.7799999602138996       0.22226248304663812       0.22226248304663812     
   1.7899999599903822       -1.7899999599903822        1.0860359400500454       0.24633315618193846        1.7899999599903822       0.21881785371096579       0.21881785371096579     
   1.7999999597668648       -1.7999999597668648        1.0885439804262631       0.25533717101362852        1.7999999597668648       0.21542145322240130       0.21542145322240130     
   1.8099999595433474       -1.8099999595433474        1.0911439566991707       0.26472324159978028        1.8099999595433474       0.21207330637010050       0.21207330637010050     
   1.8199999593198299       -1.8199999593198299        1.0938397780330991       0.27450923594023041        1.8199999593198299       0.20877342878091062       0.20877342878091062     
   1.8299999590963125       -1.8299999590963125        1.0966355367483318       0.28471392511893567        1.8299999590963125       0.20552182724467460       0.20552182724467460     
   1.8399999588727951       -1.8399999588727951        1.0995355175931076       0.29535703198550983        1.8399999588727951       0.20231850004347879       0.20231850004347879     
   1.8499999586492777       -1.8499999586492777        1.1025442075161758       0.30645928261104582        1.8499999586492777       0.19916343728476346       0.19916343728476346     
   1.8599999584257603       -1.8599999584257603        1.1056663059684684       0.31804246068426728        1.8599999584257603       0.19605662123822157       0.19605662123822157     
   1.8699999582022429       -1.8699999582022429        1.1089067357641673       0.33012946502443796        1.8699999582022429       0.19299802667641580       0.19299802667641580     
   1.8799999579787254       -1.8799999579787254        1.1122706545332590       0.34274437039851718        1.8799999579787254       0.18998762121905180       0.18998762121905180     
   1.8899999577552080       -1.8899999577552080        1.1157634667996081       0.35591249184183182        1.8899999577552080       0.18702536568085013       0.18702536568085013     
   1.8999999575316906       -1.8999999575316906        1.1193908367206324       0.36966045269408676        1.8999999575316906       0.18411121442296680       0.18411121442296680     
   1.9099999573081732       -1.9099999573081732        1.1231587015268469       0.38401625657591004        1.9099999573081732       0.18124511570791885       0.18124511570791885     
   1.9199999570846558       -1.9199999570846558        1.1270732857018673       0.39900936354538252        1.9199999570846558       0.17842701205797742       0.17842701205797742     
   1.9299999568611383       -1.9299999568611383        1.1311411159459328       0.41467077068919167        1.9299999568611383       0.17565684061700002       0.17565684061700002     
   1.9399999566376209       -1.9399999566376209        1.1353690369686362       0.43103309741924350        1.9399999566376209       0.17293453351567825       0.17293453351567825     
   1.9499999564141035       -1.9499999564141035        1.1397642281593385       0.44813067576283000        1.9499999564141035       0.17026001824018799       0.17026001824018799     
   1.9599999561905861       -1.9599999561905861        1.1443342211867233       0.46599964595285770        1.9599999561905861       0.16763321800423359       0.16763321800423359     
   1.9699999559670687       -1.9699999559670687        1.1490869185821033       0.48467805764427413        1.9699999559670687       0.16505405212448881       0.16505405212448881     
   1.9799999557435513       -1.9799999557435513        1.1540306133644593       0.50420597710376669        1.9799999557435513       0.16252243639944366       0.16252243639944366     
   1.9899999555200338       -1.9899999555200338        1.1591740097687719       0.52462560074214304        1.9899999555200338       0.16003828349167537       0.16003828349167537     
   1.9999999552965164       -1.9999999552965164        1.1645262451430187       0.54598137538263136        1.9999999552965164       0.15760150331357115       0.15760150331357115     
   2.0099999550729990       -2.0099999550729990        1.1700969130832668       0.56832012568376333        2.0099999550729990       0.15521200341653829       0.15521200341653829     
   2.0199999548494816       -2.0199999548494816        1.1758960878806133       0.59169118916263819        2.0199999548494816       0.15286968938374831       0.15286968938374831     
   2.0299999546259642       -2.0299999546259642        1.1819343503583248       0.61614655929332474        2.0299999546259642       0.15057446522647017       0.15057446522647017     
   2.0399999544024467       -2.0399999544024467        1.1882228151824314       0.64174103718607456        2.0399999544024467       0.14832623378405696       0.14832623378405696     
   2.0499999541789293       -2.0499999541789293        1.1947731597342455       0.66853239238602413        2.0499999541789293       0.14612489712766394       0.14612489712766394     
   2.0599999539554119       -2.0599999539554119        1.2015976546388414       0.69658153336530737        2.0599999539554119       0.14397035696778143       0.14397035696778143     
   2.0699999537318945       -2.0699999537318945        1.2087091960494554       0.72595268832013649        2.0699999537318945       0.14186251506568148       0.14186251506568148     
   2.0799999535083771       -2.0799999535083771        1.2161213397940782       0.75671359692460849        2.0799999535083771       0.13980127364888575       0.13980127364888575     
   2.0899999532848597       -2.0899999532848597        1.2238483374972462       0.78893571373593840        2.0899999532848597       0.13778653583077419       0.13778653583077419     
   2.0999999530613422       -2.0999999530613422        1.2319051747972058       0.82269442399169934        2.0999999530613422       0.13581820603446582       0.13581820603446582     
   2.1099999528378248       -2.1099999528378248        1.2403076117862815       0.85806927258867383        2.1099999528378248       0.13389619042111600       0.13389619042111600     
   2.1199999526143074       -2.1199999526143074        1.2490722258104223       0.89514420708531506        2.1199999526143074       0.13202039732278495       0.13202039732278495     
   2.1299999523907900       -2.1299999523907900        1.2582164567726115       0.93400783562581469        2.1299999523907900       0.13019073768004769       0.13019073768004769     
   2.1399999521672726       -2.1399999521672726        1.2677586550940869       0.97475370074363965        2.1399999521672726       0.12840712548452704       0.12840712548452704     
   2.1499999519437551       -2.1499999519437551        1.2777181324972249        1.0174805700664034        2.1499999519437551       0.12666947822654498       0.12666947822654498     
   2.1599999517202377       -2.1599999517202377        1.2881152157844926        1.0622927450123791        2.1599999517202377       0.12497771734810358       0.12497771734810358     
   2.1699999514967203       -2.1699999514967203        1.2989713037991388        1.1093003886421582        2.1699999514967203       0.12333176870141800       0.12333176870141800     
   2.1799999512732029       -2.1799999512732029        1.3103089277653168        1.1586198739072446        2.1799999512732029       0.12173156301324255       0.12173156301324255     
   2.1899999510496855       -2.1899999510496855        1.3221518152181646        1.2103741536211370        2.1899999510496855       0.12017703635524238       0.12017703635524238     
   2.1999999508261681       -2.1999999508261681        1.3345249577480649        1.2646931535680535        2.1999999508261681       0.11866813062068303       0.11866813062068303     
   2.2099999506026506       -2.2099999506026506        1.3474546827979348        1.3217141902603535        2.2099999506026506       0.11720479400772285       0.11720479400772285     
   2.2199999503791332       -2.2199999503791332        1.3609687297680111        1.3815824149583329        2.2199999503791332       0.11578698150961229       0.11578698150961229     
   2.2299999501556158       -2.2299999501556158        1.3750963306992789        1.4444512856759248        2.2299999501556158       0.11441465541212083       0.11441465541212083     
   2.2399999499320984       -2.2399999499320984        1.3898682958245065        1.5104830690134390        2.2399999499320984       0.11308778579852966       0.11308778579852966     
   2.2499999497085810       -2.2499999497085810        1.4053171042948831        1.5798493737843922        2.2499999497085810       0.11180635106254748       0.11180635106254748     
   2.2599999494850636       -2.2599999494850636        1.4214770004105932        1.6527317185383239        2.2599999494850636       0.11057033842952478       0.11057033842952478     
   2.2699999492615461       -2.2699999492615461        1.4383840957053966        1.7293221352259096        2.2699999492615461       0.10937974448636269       0.10937974448636269     
   2.2799999490380287       -2.2799999490380287        1.4560764772585060        1.8098238114073826        2.2799999490380287       0.10823457572053193       0.10823457572053193     
   2.2899999488145113       -2.2899999488145113        1.4745943226318865        1.8944517735710094        2.2899999488145113       0.10713484906863893       0.10713484906863893     
   2.2999999485909939       -2.2999999485909939        1.4939800218576487        1.9834336143059439        2.2999999485909939       0.10608059247499706       0.10608059247499706     
   2.3099999483674765       -2.3099999483674765        1.5142783069285832        2.0770102662640957        2.3099999483674765       0.10507184546068431       0.10507184546068431     
   2.3199999481439590       -2.3199999481439590        1.5355363892752494        2.1754368260496157        2.3199999481439590       0.10410865970359108       0.10410865970359108     
   2.3299999479204416       -2.3299999479204416        1.5578041057454863        2.2789834313932542        2.3299999479204416       0.10319109962998563       0.10319109962998563     
   2.3399999476969242       -2.3399999476969242        1.5811340736369561        2.3879361952032654        2.3399999476969242       0.10231924301815075       0.10231924301815075     
   2.3499999474734068       -2.3499999474734068        1.6055818553704795        2.5025982003359029        2.3499999474734068       0.10149318161466858       0.10149318161466858     
   2.3599999472498894       -2.3599999472498894        1.6312061334316916        2.6232905591981104        2.3599999472498894       0.10071302176395973       0.10071302176395973     
   2.3699999470263720       -2.3699999470263720        1.6580688962510988        2.7503535425841705        2.3699999470263720        9.9978885051707836E-002   9.9978885051707836E-002
   2.3799999468028545       -2.3799999468028545        1.6862356357381680        2.8841477824582440        2.3799999468028545        9.9290908962830896E-002   9.9290908962830896E-002
   2.3899999465793371       -2.3899999465793371        1.7157755572338440        3.0250555537275332        2.3899999465793371        9.8649247554689720E-002   9.8649247554689720E-002
   2.3999999463558197       -2.3999999463558197        1.7467618026981007        3.1734821404079190        2.3999999463558197        9.8054072146253599E-002   9.8054072146253599E-002
   2.4099999461323023       -2.4099999461323023        1.7792716880050485        3.3298572919671923        2.4099999461323023        9.7505572023976791E-002   9.7505572023976791E-002
   2.4199999459087849       -2.4199999459087849        1.8133869552779973        3.4946367760423938        2.4199999459087849        9.7003955165170366E-002   9.7003955165170366E-002
   2.4299999456852674       -2.4299999456852674        1.8491940412610284        3.6683040341694393        2.4299999456852674        9.6549448979689353E-002   9.6549448979689353E-002
   2.4399999454617500       -2.4399999454617500        1.8867843627923502        3.8513719476374222        2.4399999454617500        9.6142301070790512E-002   9.6142301070790512E-002
   2.4499999452382326       -2.4499999452382326        1.9262546205183515        4.0443847210892265        2.4499999452382326        9.5782780016051630E-002   9.5782780016051630E-002
   2.4599999450147152       -2.4599999450147152        1.9677071220661870        4.2479198920370322        2.4599999450147152        9.5471176169283564E-002   9.5471176169283564E-002
   2.4699999447911978       -2.4699999447911978        2.0112501259773170        4.4625904750488257        2.4699999447911978        9.5207802484403539E-002   9.5207802484403539E-002
   2.4799999445676804       -2.4799999445676804        2.0569982077951012        4.6890472499932354        2.4799999445676804        9.4992995362281271E-002   9.4992995362281271E-002
   2.4899999443441629       -2.4899999443441629        2.1050726497967758        4.9279812044082636        2.4899999443441629        9.4827115521611452E-002   9.4827115521611452E-002
   2.4999999441206455       -2.4999999441206455        2.1556018559643877        5.1801261407883787        2.4999999441206455        9.4710548894910887E-002   9.4710548894910887E-002
   2.5099999438971281       -2.5099999438971281        2.2087217939010908        5.4462614603678858        2.5099999438971281        9.4643707550784634E-002   9.4643707550784634E-002
   2.5199999436736107       -2.5199999436736107        2.2645764655191334        5.7272151358206891        2.5199999436736107        9.4627030643654048E-002   9.4627030643654048E-002
   2.5299999434500933       -2.5299999434500933        2.3233184084545497        6.0238668862020717        2.5299999434500933        9.4660985392189978E-002   9.4660985392189978E-002
   2.5399999432265759       -2.5399999432265759        2.3851092303016292        6.3371515684318194        2.5399999432265759        9.4746068087744925E-002   9.4746068087744925E-002
   2.5499999430030584       -2.5499999430030584        2.4501201779084041        6.6680628006652487        2.5499999430030584        9.4882805134134454E-002   9.4882805134134454E-002
   2.5599999427795410       -2.5599999427795410        2.5185327441334282        7.0176568340250967        2.5599999427795410        9.5071754120173393E-002   9.5071754120173393E-002
   2.5699999425560236       -2.5699999425560236        2.5905393146348268        7.3870566903790955        2.5699999425560236        9.5313504926430384E-002   9.5313504926430384E-002
   2.5799999423325062       -2.5799999423325062        2.6663438574458973        7.7774565851519046        2.5799999423325062        9.5608680867727711E-002   9.5608680867727711E-002
   2.5899999421089888       -2.5899999421089888        2.7461626582883447        8.1901266555632812        2.5899999421089888        9.5957939872975129E-002   9.5957939872975129E-002
   2.5999999418854713       -2.5999999418854713        2.8302251047856202        8.6264180161945561        2.5999999418854713        9.6361975703993880E-002   9.6361975703993880E-002
   2.6099999416619539       -2.6099999416619539        2.9187745229658808        9.0877681654112035        2.6099999416619539        9.6821519215056093E-002   9.6821519215056093E-002
   2.6199999414384365       -2.6199999414384365        3.0120690696880059        9.5757067679195611        2.6199999414384365        9.7337339654936614E-002   9.7337339654936614E-002
   2.6299999412149191       -2.6299999412149191        3.1103826848861957        10.091861840620425        2.6299999412149191        9.7910246013350674E-002   9.7910246013350674E-002
   2.6399999409914017       -2.6399999409914017        3.2140061078103273        10.637966370951940        2.6399999409914017        9.8541088413727121E-002   9.8541088413727121E-002
   2.6499999407678843       -2.6499999407678843        3.3232479617419624        11.215865399100460        2.6499999407678843        9.9230759554350859E-002   9.9230759554350859E-002
   2.6599999405443668       -2.6599999405443668        3.4384359119913204        11.827523597813206        2.6599999405443668        9.9980196199992530E-002   9.9980196199992530E-002
   2.6699999403208494       -2.6699999403208494        3.5599179023303935        12.475033386084153        2.6699999403208494       0.10079038072623175       0.10079038072623175     
   2.6799999400973320       -2.6799999400973320        3.6880634753936024        13.160623615719109        2.6799999400973320       0.10166234271877424       0.10166234271877424     
   2.6899999398738146       -2.6899999398738146        3.8232651829819981        13.886668872733141        2.6899999398738146       0.10259716063015904       0.10259716063015904     
   2.6999999396502972       -2.6999999396502972        3.9659400926422346        14.655699438710425        2.6999999396502972       0.10359596349635385       0.10359596349635385     
   2.7099999394267797       -2.7099999394267797        4.1165313973597497        15.470411960681652        2.7099999394267797       0.10465993271584063       0.10465993271584063     
   2.7199999392032623       -2.7199999392032623        4.2755101357093732        16.333680881767251        2.7199999392032623       0.10579030389390570       0.10579030389390570     
   2.7299999389797449       -2.7299999389797449        4.4433770303487279        17.248570688817502        2.7299999389797449       0.10698836875496097       0.10698836875496097     
   2.7399999387562275       -2.7399999387562275        4.6206644533233083        18.218349037576470        2.7399999387562275       0.10825547712584521       0.10825547712584521     
   2.7499999385327101       -2.7499999385327101        4.8079385272802719        19.246500820530983        2.7499999385327101       0.10959303899317803       0.10959303899317803     
   2.7599999383091927       -2.7599999383091927        5.0058013723642665        20.336743247605856        2.7599999383091927       0.11100252663796997       0.11100252663796997     
   2.7699999380856752       -2.7699999380856752        5.2148935092968696        21.493042015262230        2.7699999380856752       0.11248547685083030       0.11248547685083030     
   2.7799999378621578       -2.7799999378621578        5.4358964299255339        22.719628645379032        2.7799999378621578       0.11404349323125447       0.11404349323125447     
   2.7899999376386404       -2.7899999376386404        5.6695353473727454        24.021019081583528        2.7899999376386404       0.11567824857462423       0.11567824857462423     
   2.7999999374151230       -2.7999999374151230        5.9165821388262811        25.402033637482965        2.7999999374151230       0.11739148735070826       0.11739148735070826     
   2.8099999371916056       -2.8099999371916056        6.1778584949921154        26.867818398576979        2.8099999371916056       0.11918502827761306       0.11918502827761306     
   2.8199999369680882       -2.8199999369680882        6.4542392912884043        28.423868187543533        2.8199999369680882       0.12106076699530648       0.12106076699530648     
   2.8299999367445707       -2.8299999367445707        6.7466561969980692        30.076051211138392        2.8299999367445707       0.12302067884301035       0.12302067884301035     
   2.8399999365210533       -2.8399999365210533        7.0561015398254892        31.830635516181221        2.8399999365210533       0.12506682174494807       0.12506682174494807     
   2.8499999362975359       -2.8499999362975359        7.3836324446267669        33.694317392077437        2.8499999362975359       0.12720133920912388       0.12720133920912388     
   2.8599999360740185       -2.8599999360740185        7.7303752665107277        35.674251868104847        2.8599999360740185       0.12942646344401684       0.12942646344401684     
   2.8699999358505011       -2.8699999358505011        8.0975303400476086        37.778085465344979        2.8699999358505011       0.13174451859828062       0.13174451859828062     
   2.8799999356269836       -2.8799999356269836        8.4863770679833390        40.013991375732843        2.8799999356269836       0.13415792412876698       0.13415792412876698     
   2.8899999354034662       -2.8899999354034662        8.8982793746492348        42.390707254314201        2.8899999354034662       0.13666919830241883       0.13666919830241883     
   2.8999999351799488       -2.8999999351799488        9.3346915511904882        44.917575825521425        2.8999999351799488       0.13928096183782296       0.13928096183782296     
   2.9099999349564314       -2.9099999349564314        9.7971645218234844        47.604588520200252        2.9099999349564314       0.14199594169246599       0.14199594169246599     
   2.9199999347329140       -2.9199999347329140        10.287352562584308        50.462432377340157        2.9199999347329140       0.14481697500200477       0.14481697500200477     
   2.9299999345093966       -2.9299999345093966        10.807020506462223        53.502540463090298        2.9299999345093966       0.14774701317813510       0.14774701317813510     
   2.9399999342858791       -2.9399999342858791        11.358051471437188        56.737146079798634        2.9399999342858791       0.15078912617193821       0.15078912617193821     
   2.9499999340623617       -2.9499999340623617        11.942455150775491        60.179341059623049        2.9499999340623617       0.15394650690988662       0.15394650690988662     
   2.9599999338388443       -2.9599999338388443        12.562376707999512        63.843138460869497        2.9599999338388443       0.15722247591000621       0.15722247591000621     
   2.9699999336153269       -2.9699999336153269        13.220106322255265        67.743540010764988        2.9699999336153269       0.16062048608602972       0.16062048608602972     
   2.9799999333918095       -2.9799999333918095        13.918089433374945        71.896608666037793        2.9799999333918095       0.16414412774772028       0.16414412774772028     
   2.9899999331682920       -2.9899999331682920        14.658937739793192        76.319546692632557        2.9899999331682920       0.16779713380590897       0.16779713380590897     
   2.9999999329447746       -2.9999999329447746        15.445441006649146        81.030779698328956        2.9999999329447746       0.17158338519117489       0.17158338519117489     
   3.0099999327212572       -3.0099999327212572        16.280579745917361        86.050047087171052        3.0099999327212572       0.17550691649549102       0.17550691649549102     
   3.0199999324977398       -3.0199999324977398        17.167538835287541        91.398499442680361        3.0199999324977398       0.17957192184657975       0.17957192184657975     
   3.0299999322742224       -3.0299999322742224        18.109722147786229        97.098803388070351        3.0299999322742224       0.18378276102516083       0.18378276102516083     
   3.0399999320507050       -3.0399999320507050        19.110768269836235        103.17525451637449        3.0399999320507050       0.18814396583572796       0.18814396583572796     
   3.0499999318271875       -3.0499999318271875        20.174567391617703        109.65389903184226        3.0499999318271875       0.19266024674197507       0.19266024674197507     
   3.0599999316036701       -3.0599999316036701        21.305279460267215        116.56266479646831        3.0599999316036701       0.19733649977849302       0.19733649977849302     
   3.0699999313801527       -3.0699999313801527        22.507353693670851        123.93150253245165        3.0699999313801527       0.20217781375088167       0.20217781375088167     
   3.0799999311566353       -3.0799999311566353        23.785549560419589        131.79253799311502        3.0799999311566353       0.20718947773697990       0.20718947773697990     
   3.0899999309331179       -3.0899999309331179        25.144959339950912        140.18023598176612        3.0899999309331179       0.21237698890248266       0.21237698890248266     
   3.0999999307096004       -3.0999999307096004        26.591032386053513        149.13157717060372        3.0999999307096004       0.21774606064483071       0.21774606064483071     
   3.1099999304860830       -3.1099999304860830        28.129601226821620        158.68624875055650        3.1099999304860830       0.22330263107987952       0.22330263107987952     
   3.1199999302625656       -3.1199999302625656        29.766909644875852        168.88685002842703        3.1199999302625656       0.22905287188652837       0.22905287188652837     
   3.1299999300390482       -3.1299999300390482        31.509642893288856        179.77911418048143        3.1299999300390482       0.23500319752517665       0.23500319752517665     
   3.1399999298155308       -3.1399999298155308        33.364960215241865        191.41214747231544        3.1399999298155308       0.24116027484660754       0.24116027484660754     
   3.1499999295920134       -3.1499999295920134        35.340529849075708        203.83868736413180        3.1499999295920134       0.24753103310866081       0.24753103310866081     
   3.1599999293684959       -3.1599999293684959        37.444566715176336        217.11538103923851        3.1599999293684959       0.25412267441885511       0.25412267441885511     
   3.1699999291449785       -3.1699999291449785        39.685872997148572        231.30308602244781        3.1699999291449785       0.26094268462196063       0.26094268462196063     
   3.1799999289214611       -3.1799999289214611        42.073881847088650        246.46719469501818        3.1799999289214611       0.26799884465239465       0.26799884465239465     
   3.1899999286979437       -3.1899999286979437        44.618704463582390        262.67798466481582        3.1899999286979437       0.27529924237224490       0.27529924237224490     
   3.1999999284744263       -3.1999999284744263        47.331180811456797        280.01099711554690        3.1999999284744263       0.28285228491667391       0.28285228491667391     
   3.2099999282509089       -3.2099999282509089        50.222934274436660        298.54744543838973        3.2099999282509089       0.29066671156948748       0.29066671156948748     
   3.2199999280273914       -3.2199999280273914        53.306430555852430        318.37465664440833        3.2199999280273914       0.29875160719269328       0.29875160719269328     
   3.2299999278038740       -3.2299999278038740        56.595041168574973        339.58654826814137        3.2299999278038740       0.30711641623500047       0.30711641623500047     
   3.2399999275803566       -3.2399999275803566        60.103111883593030        362.28414370324259        3.2399999275803566       0.31577095734536975       0.31577095734536975     
   3.2499999273568392       -3.2499999273568392        63.846036537293458        386.57612916165311        3.2499999273568392       0.32472543861894831       0.32472543861894831     
   3.2599999271333218       -3.2599999271333218        67.840336630762678        412.57945572031093        3.2599999271333218       0.33399047350400518       0.33399047350400518     
   3.2699999269098043       -3.2699999269098043        72.103747190529191        440.41999021581370        3.2699999269098043       0.34357709739982689       0.34357709739982689     
   3.2799999266862869       -3.2799999266862869        76.655309399360590        470.23321906989452        3.2799999266862869       0.35349678497694559       0.35349678497694559     
   3.2899999264627695       -3.2899999264627695        81.515470548286601        502.16500947938738        3.2899999264627695       0.36376146825254474       0.36376146825254474     
   3.2999999262392521       -3.2999999262392521        86.706191907238164        536.37243278611049        3.2999999262392521       0.37438355545544894       0.37438355545544894     
   3.3099999260157347       -3.3099999260157347        92.251065161895170        573.02465525757441        3.3099999260157347       0.38537595071672071       0.38537595071672071     
   3.3199999257922173       -3.3199999257922173        98.175438118873330        612.30390196168173        3.3199999257922173       0.39675207462360568       0.39675207462360568     
   3.3299999255686998       -3.3299999255686998        104.50655044063983        654.40649991096063        3.3299999255686998       0.40852588567635023       0.40852588567635023     
   3.3399999253451824       -3.3399999253451824        111.27368023594501        699.54400718801480        3.3399999253451824       0.42071190268930198       0.42071190268930198     
   3.3499999251216650       -3.3499999251216650        118.50830240155224        747.94443534775382        3.3499999251216650       0.43332522817967362       0.43332522817967362     
   3.3599999248981476       -3.3599999248981476        126.24425968713818        799.85357302795592        3.3599999248981476       0.44638157278942220       0.44638157278942220     
   3.3699999246746302       -3.3699999246746302        134.51794753796605        855.53641939256136        3.3699999246746302       0.45989728078786818       0.45989728078786818     
   3.3799999244511127       -3.3799999244511127        143.36851385989885        915.27873678701383        3.3799999244511127       0.47388935670496268       0.47388935670496268     
   3.3899999242275953       -3.3899999242275953        152.83807494916729        979.38873280764631        3.3899999242275953       0.48837549314749795       0.48837549314749795     
   3.3999999240040779       -3.3999999240040779        162.97194893574562        1048.1988828837827        3.3999999240040779       0.50337409985308323       0.50337409985308323     
   3.4099999237805605       -3.4099999237805605        173.81890820499279        1122.0679054487048        3.4099999237805605       0.51890433403933078       0.51890433403933078     
   3.4199999235570431       -3.4199999235570431        185.43145238822947        1201.3829028413727        3.4199999235570431       0.53498613210848001       0.53498613210848001     
   3.4299999233335257       -3.4299999233335257        197.86610365006689        1286.5616822429547        3.4299999233335257       0.55164024277059431       0.55164024277059431     
   3.4399999231100082       -3.4399999231100082        211.18372614959017        1378.0552722197251        3.4399999231100082       0.56888826165151396       0.56888826165151396     
   3.4499999228864908       -3.4499999228864908        225.44987171502709        1476.3506518265353        3.4499999228864908       0.58675266745496335       0.58675266745496335     
   3.4599999226629734       -3.4599999226629734        240.73515394850796        1581.9737107335293        3.4599999226629734       0.60525685975157983       0.60525685975157983     
   3.4699999224394560       -3.4699999224394560        257.11565317025929        1695.4924604847920        3.4699999224394560       0.62442519847116829       0.62442519847116829     
   3.4799999222159386       -3.4799999222159386        274.67335482151168        1817.5205187940285        3.4799999222159386       0.64428304517819812       0.64428304517819812     
   3.4899999219924212       -3.4899999219924212        293.49662417411434        1948.7208907432234        3.4899999219924212       0.66485680621448073       0.66485680621448073     
   3.4999999217689037       -3.4999999217689037        313.68072044405483        2089.8100728909367        3.4999999217689037       0.68617397779704969       0.68617397779704969     
   3.5099999215453863       -3.5099999215453863        335.32835367766478        2241.5625086343289        3.5099999215453863       0.70826319316358188       0.70826319316358188     
   3.5199999213218689       -3.5199999213218689        358.55028807530942        2404.8154257216825        3.5199999213218689       0.73115427186223991       0.73115427186223991     
   3.5299999210983515       -3.5299999210983515        383.46599574006115        2580.4740896003545        3.5299999210983515       0.75487827128755192       0.75487827128755192     
   3.5399999208748341       -3.5399999208748341        410.20436519071217        2769.5175093310104        3.5399999208748341       0.77946754056896650       0.77946754056896650     
   3.5499999206513166       -3.5499999206513166        438.90446936218348        2973.0046361270024        3.5499999206513166       0.80495577692396580       0.80495577692396580     
   3.5599999204277992       -3.5599999204277992        469.71639823489136        3192.0810982146081        3.5599999204277992       0.83137808459314844       0.83137808459314844     
   3.5699999202042818       -3.5699999202042818        502.80216169116903        3427.9865196848350        3.5699999202042818       0.85877103648049680       0.85877103648049680     
   3.5799999199807644       -3.5799999199807644        538.33666869495232        3682.0624753527959        3.5799999199807644       0.88717273862815726       0.88717273862815726     
   3.5899999197572470       -3.5899999197572470        576.50878943449845        3955.7611383915373        3.5899999197572470       0.91662289766145788       0.91662289766145788     
   3.5999999195337296       -3.5999999195337296        617.52250766116470        4250.6546827023767        3.5999999195337296       0.94716289134666998       0.94716289134666998     
   3.6099999193102121       -3.6099999193102121        661.59817110487745        4568.4455076657550        3.6099999193102121       0.97883584241106825       0.97883584241106825     
   3.6199999190866947       -3.6199999190866947        708.97384855397695        4910.9773591319945        3.6199999190866947        1.0116866957823527        1.0116866957823527     
   3.6299999188631773       -3.6299999188631773        759.90680295920276        5280.2474273113312        3.6299999188631773        1.0457622994122946        1.0457622994122946     
   3.6399999186396599       -3.6399999186396599        814.67509076482747        5678.4195096634439        3.6399999186396599        1.0811114888577531        1.0811114888577531     
   3.6499999184161425       -3.6499999184161425        873.57929859104820        6107.8383350301183        3.6499999184161425        1.1177851758008635        1.1177851758008635     
   3.6599999181926250       -3.6599999181926250        936.94442939808312        6571.0451541684843        3.6599999181926250        1.1558364406993382        1.1558364406993382     
   3.6699999179691076       -3.6699999179691076        1005.1219513620455        7070.7947116010137        3.6699999179691076        1.1953206297674130        1.1953206297674130     
   3.6799999177455902       -3.6799999177455902        1078.4920238944526        7610.0737243839067        3.6799999177455902        1.2362954564980768        1.2362954564980768     
   3.6899999175220728       -3.6899999175220728        1157.4659165508631        8192.1210050976879        3.6899999175220728        1.2788211079478427        1.2788211079478427     
   3.6999999172985554       -3.6999999172985554        1242.4886380102905        8820.4493791815930        3.6999999172985554        1.3229603560165109        1.3229603560165109     
   3.7099999170750380       -3.7099999170750380        1334.0417938773983        9498.8695607753107        3.7099999170750380        1.3687786739661147        1.3687786739661147     
   3.7199999168515205       -3.7199999168515205        1432.6466937768694        10231.516166617415        3.7199999168515205        1.4163443584356445        1.4163443584356445     
   3.7299999166280031       -3.7299999166280031        1538.8677300878578        11022.876064410728        3.7299999166280031        1.4657286572211667        1.4657286572211667     
   3.7399999164044857       -3.7399999164044857        1653.3160527215150        11877.819270545337        3.7399999164044857        1.5170059031046521        1.5170059031046521     
   3.7499999161809683       -3.7499999161809683        1776.6535665932365        12801.632632329205        3.7499999161809683        1.5702536540292800        1.5702536540292800     
   3.7599999159574509       -3.7599999159574509        1909.5972809021289        13800.056552088890        3.7599999159574509        1.6255528399341719        1.6255528399341719     
   3.7699999157339334       -3.7699999157339334        2052.9240420237402        14879.325034861420        3.7699999157339334        1.6829879165774955        1.6829879165774955     
   3.7799999155104160       -3.7799999155104160        2207.4756847708286        16046.209368114627        3.7799999155104160        1.7426470266937260        1.7426470266937260     
   3.7899999152868986       -3.7899999152868986        2374.1646400055870        17308.065771240199        3.7899999152868986        1.8046221688485891        1.8046221688485891     
   3.7999999150633812       -3.7999999150633812        2553.9800401224720        18672.887384718095        3.7999999150633812        1.8690093743738465        1.8690093743738465     
   3.8099999148398638       -3.8099999148398638        2747.9943677934489        20149.361004135269        3.8099999148398638        1.9359088927838020        1.9359088927838020     
   3.8199999146163464       -3.8199999146163464        2957.3706976099247        21746.929002967048        3.8199999146163464        2.0054253860960332        2.0054253860960332     
   3.8299999143928289       -3.8299999143928289        3183.3705849039534        23475.856930538648        3.8299999143928289        2.0776681325007513        2.0776681325007513     
   3.8399999141693115       -3.8399999141693115        3427.3626611251925        25347.307318254832        3.8399999141693115        2.1527512398460695        2.1527512398460695     
   3.8499999139457941       -3.8499999139457941        3690.8320007332040        27373.420278433365        3.8499999139457941        2.2307938694307166        2.2307938694307166     
   3.8599999137222767       -3.8599999137222767        3975.3903306850639        29567.401536361343        3.8599999137222767        2.3119204706212049        2.3119204706212049     
   3.8699999134987593       -3.8699999134987593        4282.7871603087142        31943.618598017551        3.8699999134987593        2.3962610268372981        2.3962610268372981     
   3.8799999132752419       -3.8799999132752419        4614.9219167111933        34517.705823825781        3.8799999132752419        2.4839513134779434        2.4839513134779434     
   3.8899999130517244       -3.8899999130517244        4973.8571789418320        37306.679253437469        3.8899999130517244        2.5751331683896357        2.5751331683896357     
   3.8999999128282070       -3.8999999128282070        5361.8331129841326        40329.062108563921        3.8999999128282070        2.6699547755105644        2.6699547755105644     
   3.9099999126046896       -3.9099999126046896        5781.2832193639169        43605.021991035552        3.9099999126046896        2.7685709623570989        2.7685709623570989     
   3.9199999123811722       -3.9199999123811722        6234.8515158208556        47156.520892381588        3.9199999123811722        2.8711435120539242        2.8711435120539242     
   3.9299999121576548       -3.9299999121576548        6725.4112891896966        51007.479240206856        3.9299999121576548        2.9778414906460711        2.9778414906460711     
   3.9399999119341373       -3.9399999119341373        7256.0855634800455        55183.955326495416        3.9399999119341373        3.0888415904697299        3.0888415904697299     
   3.9499999117106199       -3.9499999117106199        7830.2694452434998        59714.341594800266        3.9499999117106199        3.2043284903996967        3.2043284903996967     
   3.9599999114871025       -3.9599999114871025        8451.6545228001396        64629.579408304940        3.9599999114871025        3.3244952338343632        3.3244952338343632     
   3.9699999112635851       -3.9699999112635851        9124.2555129013381        69963.394080315338        3.9699999112635851        3.4495436253245910        3.4495436253245910     
   3.9799999110400677       -3.9799999110400677        9852.4393670854661        75752.552124346315        3.9799999110400677        3.5796846468007444        3.5796846468007444     
   3.9899999108165503       -3.9899999108165503        10640.957070505629        82037.142874251920        3.9899999108165503        3.7151388944026751        3.7151388944026751     
